Seo et al. 2021 - https://academic.oup.com/jas/article/99/7/skab182/6294647?login=true#no-access-message#no-access-message

DMI <- 5 # mean = 5, min 2.7, max = 11.1 # ME_DE 0.85-0.88 (using low DMI then high DMI respectively)
NDF <- 74.6 #mean = 41, 11.6, 74.6 # ME_DE 0.8-0.91 (using high NDF then low NDF respectively)
CP <- 28 #mean = 13.8, min 3.6, max 28 #0.83-0.88 (using high CP then low CP respectively)
ME_DE <- 0.9410+0.0042*DMI-0.0017*NDF-0.0022*CP # min = 0.76, max = 0.95 # DMI has minimal impact
